  10  1.2514e-01 1.2388e-01  5.3561e-01 4.9452e-01
  20  1.2565e-01 1.2422e-01  5.8205e-01 5.4942e-01
  30  1.1889e-01 1.1743e-01  5.5606e-01 5.3279e-01
  40  1.0885e-01 1.0730e-01  4.6442e-01 4.3810e-01
  50  1.4022e-01 1.3982e-01  3.7615e-01 3.4365e-01
  60  8.2899e-02 8.0711e-02  3.7219e-01 3.3502e-01
  70  1.1995e-01 1.1916e-01  3.2411e-01 2.9238e-01
  80  6.4451e-02 6.1582e-02  3.1019e-01 2.7397e-01
  90  9.2448e-02 9.1294e-02  2.9744e-01 2.6862e-01
 100  1.1937e-01 1.1917e-01  2.3492e-01 2.1401e-01
 110  9.8949e-02 9.8286e-02  2.7416e-01 2.4944e-01
 120  8.3139e-02 8.1666e-02  2.5608e-01 2.2633e-01
 130  7.2510e-02 7.1068e-02  2.3537e-01 2.1271e-01
 140  1.4885e-01 1.4932e-01  2.4304e-01 2.1920e-01
 150  1.2177e-01 1.2209e-01  2.2406e-01 2.0527e-01
 160  5.3074e-02 5.0268e-02  2.6021e-01 2.4026e-01
 170  1.6582e-01 1.6641e-01  2.9325e-01 2.7532e-01
 180  9.5358e-02 9.5217e-02  3.0435e-01 2.8504e-01
 190  1.3853e-01 1.3883e-01  2.7444e-01 2.5413e-01
 200  1.0096e-01 1.0101e-01  2.8358e-01 2.5863e-01
 210  1.0166e-01 1.0111e-01  3.4785e-01 3.2556e-01
 220  8.9764e-02 8.9579e-02  2.5477e-01 2.3713e-01
 230  8.1254e-02 8.0837e-02  3.0706e-01 2.8995e-01
 240  9.5092e-02 9.4802e-02  2.8606e-01 2.6975e-01
 250  1.1249e-01 1.1288e-01  2.6578e-01 2.5503e-01
 260  9.6522e-02 9.6381e-02  2.7238e-01 2.5200e-01
 270  1.0247e-01 1.0215e-01  2.9183e-01 2.7040e-01
 280  8.4421e-02 8.4098e-02  2.6973e-01 2.4760e-01
 290  8.7273e-02 8.6363e-02  3.4665e-01 3.2339e-01
 300  8.3076e-02 8.2277e-02  3.1087e-01 2.8810e-01
 310  1.1343e-01 1.1358e-01  2.7248e-01 2.4901e-01
 320  7.4767e-02 7.3806e-02  3.1749e-01 2.9528e-01
 330  9.7182e-02 9.6898e-02  3.2455e-01 3.0665e-01
 340  1.0956e-01 1.0899e-01  3.7213e-01 3.4563e-01
 350  6.7002e-02 6.5510e-02  3.1601e-01 2.9584e-01
 360  1.1063e-01 1.1062e-01  3.1690e-01 2.9931e-01
 370  9.8182e-02 9.8045e-02  2.9225e-01 2.7486e-01
 380  7.8273e-02 7.7588e-02  3.0266e-01 2.8272e-01
 390  5.6611e-02 5.4245e-02  3.0174e-01 2.8079e-01
 400  7.4305e-02 7.2768e-02  3.1358e-01 2.8857e-01
 410  4.7697e-02 4.3596e-02  2.9679e-01 2.7661e-01
 420  1.1340e-01 1.1347e-01  2.9549e-01 2.6834e-01
 430  1.1824e-01 1.1836e-01  2.6717e-01 2.4462e-01
 440  8.2157e-02 8.1491e-02  2.9951e-01 2.7867e-01
 450  1.4430e-01 1.4476e-01  2.8074e-01 2.5702e-01
 460  1.4402e-01 1.4451e-01  2.5215e-01 2.2922e-01
 470  7.7097e-02 7.6043e-02  3.3691e-01 3.1625e-01
 480  8.2934e-02 8.2296e-02  2.8590e-01 2.6410e-01
 490  1.2454e-01 1.2455e-01  2.9546e-01 2.7057e-01
 500  1.0262e-01 1.0258e-01  2.4227e-01 2.1904e-01
 510  8.2090e-02 8.1790e-02  2.8747e-01 2.7089e-01
 520  7.3728e-02 7.2386e-02  2.9730e-01 2.7813e-01
 530  5.7039e-02 5.4240e-02  3.2122e-01 3.0387e-01
 540  8.6323e-02 8.5566e-02  3.2274e-01 3.0133e-01
 550  1.2980e-01 1.3018e-01  3.1477e-01 2.9212e-01
 560  1.3523e-01 1.3569e-01  2.4786e-01 2.1561e-01
 570  8.3437e-02 8.2615e-02  2.9508e-01 2.7260e-01
 580  7.4956e-02 7.3867e-02  2.7306e-01 2.4961e-01
 590  1.0988e-01 1.0977e-01  2.9353e-01 2.6849e-01
 600  9.8609e-02 9.8272e-02  3.0279e-01 2.7505e-01
 610  9.1649e-02 9.1242e-02  2.5978e-01 2.3308e-01
 620  7.8809e-02 7.7495e-02  3.1206e-01 2.8823e-01
 630  9.0404e-02 9.0175e-02  3.2869e-01 3.0337e-01
 640  8.1438e-02 8.0467e-02  2.9799e-01 2.7703e-01
 650  5.6831e-02 5.4478e-02  2.8810e-01 2.6775e-01
 660  7.8236e-02 7.7290e-02  2.7080e-01 2.4944e-01
 670  9.6761e-02 9.6614e-02  2.4759e-01 2.2503e-01
 680  7.1524e-02 7.0106e-02  3.0626e-01 2.8345e-01
 690  6.1782e-02 5.9661e-02  2.8095e-01 2.5718e-01
 700  9.0174e-02 8.9406e-02  2.9557e-01 2.7046e-01
 710  4.8589e-02 4.2440e-02  3.5272e-01 3.2716e-01
 720  1.2404e-01 1.2402e-01  2.9983e-01 2.6680e-01
 730  8.9280e-02 8.9091e-02  2.6769e-01 2.4397e-01
 740  4.8835e-02 4.4851e-02  3.2997e-01 3.0632e-01
 750  8.7096e-02 8.6612e-02  2.7515e-01 2.4120e-01
 760  5.3397e-02 5.0070e-02  3.2120e-01 2.9668e-01
 770  8.5707e-02 8.5090e-02  3.1433e-01 2.9365e-01
 780  8.6046e-02 8.5171e-02  2.9719e-01 2.6992e-01
 790  1.0483e-01 1.0470e-01  2.6671e-01 2.4175e-01
 800  9.9701e-02 9.9553e-02  2.5213e-01 2.2641e-01
 810  1.0788e-01 1.0754e-01  2.7788e-01 2.5294e-01
 820  1.0088e-01 1.0075e-01  2.8710e-01 2.6394e-01
 830  6.8061e-02 6.6020e-02  3.2708e-01 3.0180e-01
 840  1.0065e-01 1.0062e-01  2.6957e-01 2.4754e-01
 850  1.0384e-01 1.0362e-01  2.7916e-01 2.5185e-01
 860  6.4603e-02 6.2564e-02  3.1191e-01 2.8815e-01
 870  5.6183e-02 5.3818e-02  3.0203e-01 2.7678e-01
 880  1.1186e-01 1.1159e-01  2.9636e-01 2.6626e-01
 890  7.3478e-02 7.2466e-02  2.9378e-01 2.6798e-01
 900  8.8003e-02 8.7304e-02  3.0351e-01 2.7797e-01
 910  4.5143e-02 4.0167e-02  2.8610e-01 2.5825e-01
 920  5.8425e-02 5.5656e-02  3.4059e-01 3.1688e-01
 930  9.6927e-02 9.6274e-02  3.4261e-01 3.1507e-01
 940  8.8685e-02 8.8295e-02  2.8195e-01 2.5440e-01
 950  1.1296e-01 1.1301e-01  3.3496e-01 3.1230e-01
 960  5.7952e-02 5.5351e-02  2.7476e-01 2.5027e-01
 970  6.4492e-02 6.2791e-02  2.8528e-01 2.6016e-01
 980  4.7057e-02 4.2786e-02  3.1755e-01 2.9149e-01
 990  6.7909e-02 6.6103e-02  3.0361e-01 2.7593e-01
1000  7.4606e-02 7.3558e-02  2.8387e-01 2.5672e-01
1010  5.6107e-02 5.3398e-02  2.8887e-01 2.6173e-01
1020  1.0787e-01 1.0770e-01  2.8323e-01 2.6062e-01
1030  8.3949e-02 8.3112e-02  3.0369e-01 2.7387e-01
1040  6.3557e-02 6.2137e-02  2.3747e-01 2.1063e-01
1050  1.2692e-01 1.2711e-01  2.8063e-01 2.5391e-01
1060  4.4444e-02 3.9684e-02  3.2757e-01 3.0410e-01
1070  5.3650e-02 5.0628e-02  3.2460e-01 2.9698e-01
1080  5.1116e-02 4.8453e-02  3.1404e-01 2.8623e-01
1090  5.1427e-02 4.8661e-02  2.8668e-01 2.6371e-01
1100  4.8549e-02 4.4984e-02  3.0030e-01 2.7915e-01
1110  7.8580e-02 7.7370e-02  3.0256e-01 2.8099e-01
1120  5.1106e-02 4.8315e-02  2.7463e-01 2.4825e-01
1130  1.3017e-01 1.3010e-01  3.1451e-01 2.9013e-01
1140  8.3677e-02 8.2764e-02  3.2724e-01 3.0663e-01
1150  1.0655e-01 1.0649e-01  2.8170e-01 2.6080e-01
1160  1.0266e-01 1.0255e-01  2.6205e-01 2.4294e-01
1170  5.2578e-02 4.9824e-02  2.9678e-01 2.8054e-01
1180  9.2364e-02 9.1435e-02  3.3186e-01 3.1311e-01
1190  1.2375e-01 1.2348e-01  3.5487e-01 3.3894e-01
1200  9.0270e-02 8.9149e-02  3.9065e-01 3.7478e-01
1210  1.3545e-01 1.3589e-01  3.3563e-01 3.1854e-01
1220  1.0413e-01 1.0401e-01  3.0115e-01 2.8136e-01
1230  1.0424e-01 1.0396e-01  3.0417e-01 2.8356e-01
1240  5.6889e-02 5.3758e-02  2.9410e-01 2.7523e-01
1250  7.6145e-02 7.5194e-02  2.9266e-01 2.7132e-01
1260  8.5041e-02 8.4197e-02  3.1587e-01 2.9561e-01
1270  8.9090e-02 8.8514e-02  2.8719e-01 2.6823e-01
1280  4.1334e-02 3.6878e-02  2.8166e-01 2.6423e-01
1290  9.8547e-02 9.8133e-02  2.9675e-01 2.7841e-01
1300  7.1929e-02 7.0741e-02  2.8499e-01 2.6797e-01
1310  4.2958e-02 3.9286e-02  2.7629e-01 2.5721e-01
1320  5.0337e-02 4.7573e-02  2.7998e-01 2.5491e-01
1330  1.1178e-01 1.1179e-01  2.6671e-01 2.4413e-01
1340  1.0203e-01 1.0171e-01  3.0289e-01 2.8205e-01
1350  5.6674e-02 5.4626e-02  2.6059e-01 2.3871e-01
1360  7.4807e-02 7.3807e-02  2.6665e-01 2.4484e-01
1370  1.0093e-01 1.0068e-01  2.3949e-01 2.1153e-01
1380  8.4882e-02 8.4571e-02  2.8387e-01 2.6269e-01
1390  8.3194e-02 8.2238e-02  2.8541e-01 2.6386e-01
1400  7.0254e-02 6.9079e-02  2.9530e-01 2.6919e-01
1410  5.3455e-02 5.1304e-02  2.6285e-01 2.3992e-01
1420  7.3641e-02 7.3047e-02  2.8204e-01 2.5663e-01
1430  9.9686e-02 9.9558e-02  2.7174e-01 2.4940e-01
1440  7.8004e-02 7.7131e-02  3.1280e-01 2.9338e-01
1450  9.0940e-02 9.0501e-02  2.9280e-01 2.7109e-01
1460  8.0730e-02 7.9626e-02  3.1629e-01 2.9102e-01
1470  7.1269e-02 6.9603e-02  3.1354e-01 2.9453e-01
1480  1.2482e-01 1.2515e-01  2.7732e-01 2.5439e-01
1490  6.9810e-02 6.8619e-02  2.5810e-01 2.3849e-01
1500  6.0687e-02 5.9277e-02  2.4759e-01 2.2376e-01
1510  8.5022e-02 8.4760e-02  2.6689e-01 2.4384e-01
1520  4.3649e-02 3.8935e-02  3.1400e-01 2.9669e-01
1530  1.0893e-01 1.0911e-01  2.5601e-01 2.3787e-01
1540  1.0258e-01 1.0257e-01  2.8780e-01 2.6807e-01
1550  5.2052e-02 4.9709e-02  2.9297e-01 2.7191e-01
1560  9.0639e-02 9.0415e-02  3.2721e-01 3.0948e-01
1570  5.0660e-02 4.7039e-02  3.0029e-01 2.8053e-01
1580  6.2611e-02 6.1563e-02  2.8401e-01 2.5762e-01
1590  6.4533e-02 6.3732e-02  2.8068e-01 2.5988e-01
1600  6.1625e-02 5.9774e-02  3.2507e-01 3.0538e-01
1610  8.4470e-02 8.3849e-02  2.8700e-01 2.6738e-01
1620  9.2835e-02 9.2406e-02  3.1999e-01 2.9759e-01
1630  8.3765e-02 8.3145e-02  2.6736e-01 2.4611e-01
1640  5.5514e-02 5.3098e-02  3.3241e-01 3.1085e-01
1650  7.9521e-02 7.8993e-02  2.5747e-01 2.3121e-01
1660  6.9435e-02 6.8262e-02  3.1083e-01 2.8467e-01
1670  1.3261e-01 1.3289e-01  2.6718e-01 2.3965e-01
1680  1.0793e-01 1.0792e-01  3.2801e-01 3.0656e-01
1690  1.3737e-01 1.3790e-01  3.3409e-01 3.1478e-01
1700  9.6967e-02 9.7096e-02  2.6593e-01 2.4627e-01
1710  8.0907e-02 8.0368e-02  2.7453e-01 2.5658e-01
1720  6.8420e-02 6.7079e-02  3.1226e-01 2.9321e-01
1730  6.7542e-02 6.6741e-02  2.5338e-01 2.3285e-01
1740  1.0642e-01 1.0634e-01  3.0870e-01 2.9405e-01
1750  3.7718e-02 3.3674e-02  2.5122e-01 2.2922e-01
1760  8.2294e-02 8.1482e-02  2.9840e-01 2.7546e-01
1770  6.5622e-02 6.4662e-02  2.4278e-01 2.1752e-01
1780  5.7426e-02 5.4996e-02  2.9834e-01 2.7548e-01
1790  5.2502e-02 4.9669e-02  3.1304e-01 2.9178e-01
1800  1.1190e-01 1.1240e-01  2.7596e-01 2.5523e-01
1810  5.9642e-02 5.7397e-02  2.8430e-01 2.6112e-01
1820  9.0367e-02 8.9972e-02  2.9015e-01 2.7009e-01
1830  6.5330e-02 6.4454e-02  3.1318e-01 2.9648e-01
1840  6.0972e-02 5.9435e-02  2.7729e-01 2.5132e-01
1850  9.4124e-02 9.3786e-02  2.9968e-01 2.8037e-01
1860  5.5331e-02 5.3432e-02  3.3781e-01 3.2187e-01
1870  1.2043e-01 1.2058e-01  3.1200e-01 2.8749e-01
1880  6.0427e-02 5.8319e-02  2.9425e-01 2.7123e-01
1890  9.7752e-02 9.7474e-02  2.8956e-01 2.6169e-01
1900  7.5422e-02 7.4823e-02  2.7354e-01 2.5217e-01
1910  5.9667e-02 5.8598e-02  2.3170e-01 2.0745e-01
1920  7.9252e-02 7.8468e-02  2.7699e-01 2.5352e-01
1930  1.0262e-01 1.0230e-01  3.3168e-01 3.0529e-01
1940  1.1892e-01 1.1939e-01  2.8419e-01 2.5771e-01
1950  4.9047e-02 4.6062e-02  3.1569e-01 2.9148e-01
1960  8.8208e-02 8.7926e-02  2.8324e-01 2.6245e-01
1970  6.7011e-02 6.5307e-02  3.1543e-01 2.9565e-01
1980  6.4697e-02 6.2981e-02  2.8799e-01 2.6803e-01
1990  7.7687e-02 7.7059e-02  3.0874e-01 2.8702e-01
2000  7.3678e-02 7.2819e-02  2.9887e-01 2.8421e-01
2010  9.5018e-02 9.4735e-02  2.8130e-01 2.6207e-01
2020  7.0674e-02 6.9241e-02  3.1478e-01 2.9453e-01
2030  8.7400e-02 8.7069e-02  2.8105e-01 2.6301e-01
2040  8.7307e-02 8.6940e-02  2.9020e-01 2.7786e-01
2050  8.7099e-02 8.6860e-02  2.4126e-01 2.2099e-01
2060  9.2793e-02 9.2490e-02  2.9079e-01 2.7106e-01
2070  1.2736e-01 1.2775e-01  3.3925e-01 3.2070e-01
2080  8.4786e-02 8.4413e-02  2.7567e-01 2.5792e-01
2090  9.3885e-02 9.3782e-02  2.7615e-01 2.5927e-01
2100  7.9935e-02 7.9061e-02  3.1681e-01 2.9789e-01
2110  1.1129e-01 1.1183e-01  2.6538e-01 2.5299e-01
2120  6.3208e-02 6.1803e-02  3.0385e-01 2.8840e-01
2130  6.2509e-02 6.1369e-02  2.6356e-01 2.4594e-01
2140  4.2037e-02 3.5897e-02  3.1271e-01 2.9339e-01
2150  1.0512e-01 1.0544e-01  2.6677e-01 2.5591e-01
2160  7.7696e-02 7.6932e-02  3.0145e-01 2.8744e-01
2170  7.3031e-02 7.2116e-02  2.8531e-01 2.6483e-01
2180  1.3812e-01 1.3840e-01  3.7552e-01 3.5223e-01
2190  7.3513e-02 7.2218e-02  3.0064e-01 2.7828e-01
2200  7.3951e-02 7.2604e-02  3.3730e-01 3.1985e-01
2210  9.0679e-02 9.0211e-02  3.0995e-01 2.9148e-01
2220  6.8584e-02 6.7610e-02  2.9181e-01 2.7304e-01
2230  5.9923e-02 5.9226e-02  2.7478e-01 2.5849e-01
2240  9.5446e-02 9.4850e-02  3.4144e-01 3.3100e-01
2250  1.4229e-01 1.4286e-01  2.9863e-01 2.7771e-01
2260  1.0695e-01 1.0654e-01  2.5967e-01 2.3711e-01
2270  5.0000e-02 4.6331e-02  4.4142e-01 4.2570e-01
2280  9.7885e-02 9.7685e-02  2.9835e-01 2.7454e-01
2290  1.0842e-01 1.0864e-01  2.9159e-01 2.7048e-01
2300  4.5619e-02 4.1499e-02  3.1062e-01 2.9490e-01
2310  5.6094e-02 5.3825e-02  2.9985e-01 2.8306e-01
2320  7.9323e-02 7.8520e-02  2.6304e-01 2.4315e-01
2330  6.2832e-02 6.0929e-02  3.3816e-01 3.2248e-01
2340  9.6631e-02 9.6389e-02  2.8717e-01 2.7096e-01
2350  3.9697e-02 3.4382e-02  3.0689e-01 2.9301e-01
2360  8.4617e-02 8.4243e-02  2.5163e-01 2.3270e-01
2370  5.5404e-02 5.3282e-02  3.1330e-01 2.9583e-01
2380  8.7762e-02 8.7536e-02  2.3904e-01 2.2155e-01
2390  6.0270e-02 5.8609e-02  2.6642e-01 2.4717e-01
2400  6.9516e-02 6.8197e-02  2.9780e-01 2.7975e-01
2410  8.2921e-02 8.2417e-02  2.7957e-01 2.6611e-01
2420  1.0781e-01 1.0779e-01  2.9921e-01 2.8339e-01
2430  6.6700e-02 6.5304e-02  2.8469e-01 2.6784e-01
2440  9.7180e-02 9.7260e-02  2.4927e-01 2.3548e-01
2450  1.4447e-01 1.4540e-01  2.8491e-01 2.7129e-01
2460  7.5615e-02 7.4675e-02  3.2252e-01 3.0889e-01
2470  4.4994e-02 4.1383e-02  2.7865e-01 2.6184e-01
2480  6.8240e-02 6.7275e-02  2.7608e-01 2.6130e-01
2490  1.0020e-01 1.0021e-01  2.8354e-01 2.6502e-01
2500  1.3440e-01 1.3490e-01  2.6851e-01 2.5272e-01
2510  5.9604e-02 5.8255e-02  2.6250e-01 2.4632e-01
2520  9.1165e-02 9.1019e-02  2.5130e-01 2.3197e-01
2530  6.5898e-02 6.4942e-02  2.6530e-01 2.4755e-01
2540  1.1868e-01 1.1917e-01  2.6128e-01 2.4361e-01
2550  1.3783e-01 1.3828e-01  2.7864e-01 2.6121e-01
2560  7.7040e-02 7.6473e-02  2.9606e-01 2.8293e-01
2570  4.3585e-02 3.9673e-02  2.8063e-01 2.6634e-01
2580  8.0112e-02 7.9433e-02  2.9878e-01 2.8744e-01
2590  9.5838e-02 9.5640e-02  3.2433e-01 3.1295e-01
2600  1.2515e-01 1.2564e-01  3.0244e-01 2.8488e-01
2610  1.1727e-01 1.1758e-01  3.0001e-01 2.8392e-01
2620  9.4168e-02 9.4192e-02  2.6449e-01 2.4904e-01
2630  5.1404e-02 4.8554e-02  2.8444e-01 2.6561e-01
2640  7.9754e-02 7.9072e-02  3.0520e-01 2.8557e-01
2650  8.4629e-02 8.4320e-02  2.7812e-01 2.5935e-01
2660  1.8529e-01 1.8622e-01  2.3491e-01 2.1344e-01
2670  1.3574e-01 1.3663e-01  2.2900e-01 2.1237e-01
2680  5.2453e-02 4.9522e-02  3.1356e-01 2.9733e-01
2690  3.9708e-02 3.4060e-02  3.0645e-01 2.9058e-01
2700  7.8920e-02 7.8351e-02  2.8550e-01 2.6849e-01
2710  6.8442e-02 6.7221e-02  3.1811e-01 3.0536e-01
2720  6.3032e-02 6.1778e-02  2.7487e-01 2.5920e-01
2730  4.7972e-02 4.4448e-02  3.5702e-01 3.4092e-01
2740  8.3416e-02 8.2994e-02  2.9270e-01 2.7752e-01
2750  4.4225e-02 3.9255e-02  3.1091e-01 2.9061e-01
2760  7.6588e-02 7.5955e-02  2.6461e-01 2.4595e-01
2770  4.1015e-02 3.5134e-02  2.8888e-01 2.7603e-01
2780  6.3889e-02 6.2425e-02  2.7247e-01 2.6262e-01
2790  1.0386e-01 1.0418e-01  2.4827e-01 2.3143e-01
2800  6.9030e-02 6.7910e-02  2.7408e-01 2.5664e-01
2810  5.3267e-02 5.1605e-02  2.6641e-01 2.5041e-01
2820  1.0550e-01 1.0563e-01  3.1059e-01 2.9733e-01
2830  4.9744e-02 4.6567e-02  3.0225e-01 2.8778e-01
2840  9.7284e-02 9.7422e-02  2.6429e-01 2.4712e-01
2850  1.0884e-01 1.0879e-01  3.2907e-01 3.1307e-01
2860  1.0345e-01 1.0330e-01  3.1302e-01 3.0027e-01
2870  5.4709e-02 5.2401e-02  3.0158e-01 2.8376e-01
2880  7.1405e-02 7.0454e-02  2.7791e-01 2.6109e-01
2890  1.1540e-01 1.1598e-01  2.5416e-01 2.3488e-01
2900  7.4878e-02 7.5069e-02  2.6906e-01 2.5660e-01
2910  8.4262e-02 8.4221e-02  2.7165e-01 2.5651e-01
2920  7.3645e-02 7.2623e-02  3.0368e-01 2.8711e-01
2930  1.1683e-01 1.1746e-01  2.7778e-01 2.6094e-01
2940  1.2381e-01 1.2447e-01  3.1144e-01 2.9197e-01
2950  5.5856e-02 5.4144e-02  2.3299e-01 2.0936e-01
2960  1.7995e-01 1.8131e-01  2.6544e-01 2.5047e-01
2970  6.5649e-02 6.4154e-02  3.3075e-01 3.1393e-01
2980  1.4338e-01 1.4432e-01  2.8514e-01 2.6462e-01
2990  1.7441e-01 1.7505e-01  2.7364e-01 2.4826e-01
3000  6.4094e-02 6.3067e-02  2.4419e-01 2.2773e-01
3010  9.8193e-02 9.8109e-02  2.7339e-01 2.5525e-01
3020  9.5954e-02 9.6120e-02  2.3606e-01 2.0887e-01
3030  9.4859e-02 9.5052e-02  2.5752e-01 2.3952e-01
3040  6.9436e-02 6.8302e-02  3.3096e-01 3.0866e-01
3050  7.6507e-02 7.5917e-02  2.9273e-01 2.7429e-01
3060  5.4622e-02 5.2441e-02  2.9326e-01 2.7859e-01
3070  7.7124e-02 7.6802e-02  2.7124e-01 2.5364e-01
3080  7.7257e-02 7.6615e-02  2.9059e-01 2.7416e-01
3090  6.5215e-02 6.4365e-02  2.7285e-01 2.5206e-01
3100  8.3124e-02 8.2822e-02  2.7873e-01 2.6143e-01
3110  9.8012e-02 9.8072e-02  2.3282e-01 2.1568e-01
3120  1.0637e-01 1.0662e-01  3.2123e-01 3.0741e-01
3130  5.8514e-02 5.6641e-02  2.8062e-01 2.5905e-01
3140  9.5722e-02 9.5639e-02  2.8828e-01 2.6465e-01
3150  1.0894e-01 1.0898e-01  3.1242e-01 2.9171e-01
3160  7.7553e-02 7.6866e-02  2.7945e-01 2.6123e-01
3170  7.3944e-02 7.3250e-02  3.0488e-01 2.8465e-01
3180  6.0324e-02 5.8965e-02  2.8794e-01 2.7151e-01
3190  4.7724e-02 4.5062e-02  3.0945e-01 2.9768e-01
3200  4.0451e-02 3.5644e-02  3.0069e-01 2.8023e-01
3210  4.2355e-02 3.7503e-02  3.3272e-01 3.1409e-01
3220  5.7005e-02 5.5220e-02  2.6024e-01 2.4130e-01
3230  1.3248e-01 1.3291e-01  2.7901e-01 2.5897e-01
3240  1.0075e-01 1.0072e-01  3.1421e-01 2.9942e-01
3250  1.0524e-01 1.0552e-01  2.6280e-01 2.4291e-01
3260  4.8539e-02 4.5266e-02  3.1684e-01 2.9391e-01
3270  4.4796e-02 4.1780e-02  2.8087e-01 2.5957e-01
3280  9.0527e-02 9.0342e-02  3.1587e-01 2.9530e-01
3290  7.8596e-02 7.8277e-02  2.4639e-01 2.2450e-01
3300  8.4668e-02 8.3948e-02  3.5883e-01 3.3626e-01
3310  1.3009e-01 1.3045e-01  3.2134e-01 3.0183e-01
3320  5.5759e-02 5.3893e-02  3.0737e-01 2.8972e-01
3330  8.5260e-02 8.4952e-02  2.8601e-01 2.6757e-01
3340  7.3093e-02 7.2228e-02  2.6898e-01 2.5061e-01
3350  9.7939e-02 9.7835e-02  3.0626e-01 2.9191e-01
3360  7.7906e-02 7.7528e-02  2.7420e-01 2.5863e-01
3370  9.6110e-02 9.5953e-02  2.9553e-01 2.8083e-01
3380  1.1314e-01 1.1372e-01  2.7882e-01 2.5910e-01
3390  8.7774e-02 8.7538e-02  2.7238e-01 2.5034e-01
3400  7.0444e-02 6.9195e-02  2.9370e-01 2.6495e-01
3410  1.0567e-01 1.0568e-01  2.8244e-01 2.6265e-01
3420  6.2889e-02 6.1482e-02  2.9360e-01 2.7726e-01
3430  7.5216e-02 7.4453e-02  2.8195e-01 2.5708e-01
3440  6.9084e-02 6.7856e-02  2.9589e-01 2.7922e-01
3450  1.2728e-01 1.2766e-01  3.0944e-01 2.9017e-01
3460  6.5625e-02 6.4517e-02  3.1306e-01 2.9628e-01
3470  6.9007e-02 6.7755e-02  3.4069e-01 3.2649e-01
3480  1.2665e-01 1.2703e-01  2.8082e-01 2.6202e-01
3490  1.0568e-01 1.0581e-01  2.7261e-01 2.4963e-01
3500  5.5646e-02 5.2749e-02  3.3105e-01 3.1597e-01
3510  7.9626e-02 7.8840e-02  2.9881e-01 2.8377e-01
3520  5.5208e-02 5.2377e-02  3.2431e-01 3.0646e-01
3530  7.8744e-02 7.8228e-02  2.9730e-01 2.8400e-01
3540  9.9898e-02 9.9810e-02  3.0889e-01 2.7903e-01
3550  1.2290e-01 1.2316e-01  2.6711e-01 2.4014e-01
3560  1.0734e-01 1.0772e-01  2.6133e-01 2.4831e-01
3570  6.0262e-02 5.8771e-02  2.9341e-01 2.7935e-01
3580  1.3718e-01 1.3744e-01  2.8596e-01 2.6464e-01
3590  1.1003e-01 1.1019e-01  2.7688e-01 2.5620e-01
3600  9.4423e-02 9.4208e-02  2.8773e-01 2.6582e-01
3610  7.6409e-02 7.5690e-02  2.9830e-01 2.7710e-01
3620  7.5844e-02 7.4872e-02  2.8014e-01 2.6209e-01
3630  5.6052e-02 5.3806e-02  3.2634e-01 3.0990e-01
3640  8.7853e-02 8.7282e-02  2.9337e-01 2.7222e-01
3650  8.6867e-02 8.5944e-02  3.4655e-01 3.1925e-01
3660  5.7299e-02 5.4357e-02  3.3436e-01 3.1068e-01
3670  6.6702e-02 6.5362e-02  3.4221e-01 3.2407e-01
3680  9.3849e-02 9.3171e-02  3.9640e-01 3.7615e-01
3690  8.2343e-02 8.1489e-02  3.2310e-01 3.0238e-01
3700  6.0710e-02 5.8172e-02  3.9667e-01 3.7762e-01
3710  5.8190e-02 5.6758e-02  2.9579e-01 2.7823e-01
3720  7.5552e-02 7.4713e-02  3.1111e-01 2.9354e-01
3730  8.5745e-02 8.5151e-02  2.9266e-01 2.7385e-01
3740  4.5385e-02 4.2169e-02  2.9041e-01 2.7113e-01
3750  8.4295e-02 8.3707e-02  3.0331e-01 2.8516e-01
3760  1.0043e-01 1.0047e-01  2.6649e-01 2.4343e-01
3770  1.1760e-01 1.1789e-01  2.9982e-01 2.7715e-01
3780  6.1191e-02 5.9906e-02  2.4271e-01 2.2431e-01
3790  5.2231e-02 4.9243e-02  3.6904e-01 3.4583e-01
3800  6.8568e-02 6.7403e-02  2.7035e-01 2.4902e-01
3810  7.0425e-02 6.9369e-02  3.1625e-01 2.9357e-01
3820  1.0967e-01 1.0969e-01  3.5057e-01 3.2867e-01
3830  7.1320e-02 7.0533e-02  2.8758e-01 2.6862e-01
3840  7.3325e-02 7.2426e-02  3.0241e-01 2.8213e-01
3850  9.6709e-02 9.6537e-02  3.6645e-01 3.5050e-01
3860  7.3944e-02 7.3167e-02  2.9032e-01 2.7217e-01
3870  1.0306e-01 1.0309e-01  2.6610e-01 2.4484e-01
3880  7.7873e-02 7.7100e-02  3.1151e-01 2.9364e-01
3890  4.5815e-02 4.1932e-02  3.4496e-01 3.2540e-01
3900  4.1030e-02 3.6225e-02  3.1396e-01 2.9351e-01
3910  9.0838e-02 9.0768e-02  2.5062e-01 2.2780e-01
3920  1.1250e-01 1.1291e-01  2.6047e-01 2.4347e-01
3930  8.4889e-02 8.4393e-02  2.7698e-01 2.5728e-01
3940  7.6412e-02 7.5493e-02  3.3523e-01 3.1806e-01
3950  9.4758e-02 9.4096e-02  3.6946e-01 3.4610e-01
3960  7.6207e-02 7.5397e-02  3.3790e-01 3.2464e-01
3970  1.0455e-01 1.0460e-01  3.0836e-01 2.9158e-01
3980  1.0447e-01 1.0429e-01  3.1440e-01 2.9625e-01
3990  8.8692e-02 8.8286e-02  2.7642e-01 2.5867e-01
4000  9.1277e-02 9.1160e-02  2.6198e-01 2.4099e-01
4010  7.7885e-02 7.7340e-02  2.5803e-01 2.3968e-01
4020  6.8892e-02 6.7436e-02  3.1638e-01 2.9599e-01
4030  9.5673e-02 9.5501e-02  2.8739e-01 2.6768e-01
4040  7.4843e-02 7.3901e-02  2.6375e-01 2.4261e-01
4050  1.2433e-01 1.2440e-01  3.2480e-01 3.0136e-01
4060  1.0333e-01 1.0317e-01  3.2063e-01 3.0307e-01
4070  1.0205e-01 1.0218e-01  2.9388e-01 2.6786e-01
4080  8.9860e-02 8.9638e-02  2.5643e-01 2.2898e-01
4090  4.6517e-02 4.3482e-02  2.9151e-01 2.6909e-01
4100  9.2826e-02 9.2497e-02  3.4256e-01 3.1523e-01
4110  8.1307e-02 8.0601e-02  3.1743e-01 2.9784e-01
4120  7.9892e-02 7.9162e-02  3.0311e-01 2.8309e-01
4130  8.1478e-02 8.1062e-02  2.7723e-01 2.5852e-01
4140  8.2666e-02 8.2223e-02  2.9430e-01 2.7431e-01
4150  4.4600e-02 4.2399e-02  2.7413e-01 2.6107e-01
4160  1.0752e-01 1.0786e-01  2.5666e-01 2.4439e-01
4170  9.3520e-02 9.3461e-02  3.1214e-01 2.8360e-01
4180  9.1725e-02 9.1350e-02  3.0222e-01 2.8666e-01
